Leads report generated: Sat Oct 25 02:20:49 2025
Query file: Sat Oct 25 02:20:49 2025

==================================================
PLATFORM: META
==================================================

[1] Landing: https://www.cambridgeacademypalermo.it/hocus-lotus
Source title/text: CAMBRIDGEACADEMYPALERMO.IT/HOCUS-LOTUSOpen Day 7 e 8 OttobreCambridge Academy a Palermo offre il percorso formativo MyPathway è un percorso di apprendimento completo che segue il bambino nella sua cre
Domain: cambridgeacademypalermo.it
Score: 91
Title: Percorso formativo completo | Palermo | Cambridge Academy
Emails: wght@300..900, wght@100..900, info@cambridgeacademy1965.it
Phones: .011 753.693 206.336, 269.982 36.9957 263.362 38., 482.176 216.275, 1821633714, 3138.656023241805, 0-25-11.2-25-25, 499.753 60.1741, 488.821 43.5106 488.082 43., 1822729143 ., .011 448.494 206.482, .659 247.731 189.659, 448.494 220.953 457.062 230, 999 596.963 222.999, 834.995 117.617 831.883 118, 1118787827, 1089997978, 1622168870, 3773 464.868 93.693, 1387797335, 753.693 220.66 761.966 230., 757.264 94.3905 754.432 101, 30.7753, .441 746.433 167.757, 1332440646, 465.933 100.009 468.249 106, 36.9093, 813.827 200.489 811.463 198, 300..900, 1622653117, -86.5 48.5-102.5 24.5, .809 776.299 106.706, 664.923, 664.775 188.21 658.275 182., 800.975 217.445, .071 423.833 182.071, 128.016 42.2847 135.914 35., 1073703856, 226.162, .504 786.341 197.858, .38 423.833 189.38, 122.747 125.073, 31 920267752, 7871 255.659 72.4122, 1365880885, 229.431, 272.547, 458.097 195.373 462.972 189, 270.908 113.719 264.113 110, 1196884755, 258.613 68.0374 262.812 64., 113.954, .104 692.999 222.117, 837.597 115.855, 404.037 217.445, .911 655.616 200.635, 8416 304.385 82.0021, 016 692.42 52.17, 414.674 191.865 418.662 189, 3174 430.019 15.2812, 737.46 174.352 738.105 174, 31 976625820, 730.377 60.7318, 541.261 222.853 536.239 216, 14747726-176, 1599 473.428 57.3587, 1173-640, 775 328.39 87.4845, 651.775 189.818 655.616 193, 1858046914, 14747726., 38.124936171782025, 328.319 80.1169 326.924 73., 617.203, 1921103773, 477.248 120.525 481.785 125, 596 830.225 195.665, 289.831 247.247 294.559 243, 1126450631, 130.291 24.1941 145.94, .97 235.321 206.031, .52 395.158 208.365, 8314 313.006 51.1998, 765.325 50.5763 757.269 44., .135 711.366 106.146, 1050772293, 1297521246, 830.078 220.368 826.089 223, 456.905, 288.797 233.361, 316.866 182.64, 1236746004, 31 275069703, 6604 297.026 68.3809, 1752704386, .421 536.239 206.189, 745.739 182.64, 16.66667, 794.319 188.357 786.489 182, 117.827 130.28 111.88 134.4, 010101109850, .966 354.532 207.488, 739.512 175.251 740.259 175, .085 278.013 238.769, 360.441 222.105 354.532 215, 1901957768, 828.142, 22.0264, 269.447 190.975 261.174 182, 66 0 113 47, 1163060357, .916 46.4091 125.925, 3607 517.159 57.028, 1514917037, 696.396 221.678, 1787307107, 321.643 61.3566 317.811 55., 1045498799, 1221711946, .456 555.83 191.929, 678.078 226.21 684.578 230., 1323200405 ., -1502056247561-73539, .681 236.06 190.244, 60.1741, 182.47 112.235 177.272 113, 508.912 190.117, 1800498100, 2793 757.264 87.3349, 010101581794, 583.372, 31 974012954, 14 12.59, 01010186321, 487.573 85.247 487.131 79.1, .094 687.385 215.832, .938 730.377 113.938, 010101411576, 1636265960, 010101641646, 384 678.793 78.2046, 433.14 220.368 429.151 223, .132 117.621 163.456, -1716942098, 567.557 188.357 559.728 182, 778.281 189.708 780.67 190., .288 743.224 175.041, 5595 324.284 67.458, .105 370.044 222.105, 182.224, 31 947305953, 171.396, 396.041 136.741, 794.165 131.495 803.767 140, 530.339 135.602 536.417 133, 1342087078, .071 596.077 182.071, 429.979 17.6899 430.335 19., 31 858483374, 31 448377577, 442.595 209.405 438.311 205, 775.853 189.818, 737.508 60.7318 744.347 63., 1177876705, 37.1648 15.567 23.6779 26.2, 439.788 186.895 434.026 182, 1401056278, 490.151 90.5776, 542.004 38.1023 514.526 29., 499.901 60.0279 500.049 60., 286.433 239.646 283.183 240, 010101386855, 1483243327, .461 839.532 215.983, .059 249.651 182.059, 1565114043, 607.895 216.275, 1750636619, 1749666041, 634 719.352 184.082, 818 645.57 189.818, 2025-10-19, 78 631.384 38.6578, 823.43 210.721, 1663369076, .606 241.573 184.067, 727.59 190.383 729.23 190., 41 520.288 190.41, 1214905056, 1182127708, 107 601.247 53.1287, 0 13 9.5 22.5, 557.752 193.402 559.081 195, 136.592, 560.47 70.1137, 5116 196.794 97.3727, 2241 251.128 87.1921, 113.7274, 189.959, .287 634.638 190.257, 614.538 62.0308 618.711 60., 674.225 57.66 655.759 38.65, 520.036 57.6954 522.749 58., 1548558804, 553.928 222.253 551.526 222, 1813835679, 5-13-3-12.5-5.5-9-9-7.5-, 559.106 217.18 557.784 219., 780.69 222.253 778.287 222, 1195822705, 2147483647, .56 749.024 134.009, 359.108 83.6807, 157.088 37.0838 144.175 42., 814.566 223.145 811.02 220., 125.073, 481.438 230.6 488.824 225.4, 288.531 112.235 283.332 113, 1949251510, .389 292.952 109.312, 010101188775, 039 819.87 107.523, .774 746.433 172.091, 1876717968, 305.422 87.1626 304.89 92.5, 754.432 73.5127 757.264 80., -32 36-69 66-268 206-42, 1838794503, 1004854558, 469.651 62.5575 466.95 68.4, 5127 711.366 68.5237, 617.055 188.649 606.861 182, 794.312, .365 741.007 175.332, 31 636514053, 1033107867, .648 533.583 111.188, 247.731 222.694, 431.769 7.54725 430.108 11., 1636514053, 1817491400, 2072 747.893 40.5059, 172.102 137.913 172.102 137, 1374882793, .011 574.213 206.482, 820.222 112.583 819.54 110., .225 541.856 129.751, 697.135, 155 240.788 52.1661, 4.81822 54.0727 -0.106318, 695.285 221.957 694.145 222, 1132106635, 1956884977, 724.185 181.93 721.561 182., 536.239 195.958 541.261 189, 1468983766, 67 746.89 169.924, .411 821.642 140.411, 344.93 221.52 354.828 230., -48 0-102.5-24.5, 1783404857, 1565496228, 260.288 215.386 256.004 222, .626 802.452 195.958, -66 0-113-47, 1177674108, 422.06 201.658, 1635771341, 31 764215067, 746.734 171.407 746.89 170., 1362291737, 0000-00, 655.611 139.808 674.225 121, .071 775.705 182.071, 0688 780.015 87.4811, 9026 444.939 30.9215, 31 821633714, 464.012 80.9157 463.803 87., 125.281 61.7605 120.072 74., 1262533948, 76 568.592 214.814, .071 470.358 182.071, 125.337, 1145522963, 31 297521246, 1267105106, 1397644396, 6 338-51 43-83 67, .461 442.595 215.983, 828.009 211.744 830.078 213, 229.583, 93 523.97 136.748, .379 269.447 206.177, 1971191215, 839.532 209.405 835.248 205, 1936204318, 686.064 116.52 692.709 124., 1606789796, 739.502 164.472 738.04 165., 1339342285, 1233163897, 98.6668 140.114 91.5411 141, 194.726 72.1014 197.287 76., 551.519 189.708 553.908 190, 1533813919, 1188298276., 7871 149.598 72.4122, 481.985 47.7516 477.206 52., 194.759 102.234 191.313 106, 239.753 222.694 235.321 215, 463.267 222.999 457.949 217, 634.491 194.204 639.07 189., 453.301 2.21377 449.435 0.5, 1618345074, 1664 453, 508.912, 222.117, 755.163 131.459 760.733 127, 492.419 132.488 498.412 135, 276.685 36.9093, 1750579150, 1575160471, 1275069703, 456 782.591 191.929, 1863735697, 762.262 182.071 753.693 192, 152.553 68.0374 156.752 64., 275.797 246.224, 554.233 123.118 563.817 112, 308.202 46.5682 302.52 42.9, .626 405.514 195.958, 440.98 30.4932 442.948 30., 85.9098 2.12005 68.655 3.33, .489 828.733 118.34, .834 631.384 139.808, 1267139291, 490.693 67.868 494.567 63.1, 298 555.856 220.775, 618.752 116.364 614.608 115, 89264 445.382 0.517951, .795 171.954 113.795, .157 749.389 106.146, 235.912, 1187852804, .58 525.163 190.994, 7292 460.746 15.7197, 254.062 100.947 251.204 94., 1396401505, .454 423.242 230.454, 807 809.838 216.129, 46.5-131.5, .883 457.801 208.821, 768.023 222.853 763 216.421, 637.588 60.8758 647.191 72., 105.5717, -3087286-640, 31 678744122, 50.5-27.5 44.5-31.5 46, 116 302.855 97.3727, 694.03 230.338 696.085 229, 1088180175, 359.108, .883 583.52 208.821, 010101534074, .459 745.139 165.951, 678.078, 745.739, 30.8244 74.2193 36.5196 60., 745.692 173.389 746.132 172, 557.959 65.1439, 1173519960, 13 0 22.5-9.5, 802.452 202.681 806.588 207, 606.27 220.66 602.282 222., 735.122 170.664 735.295 171, 426.916 40.5603, 294.411, 428.098, 300.82 102.234 297.374 106, 31 133831000, 13871243, 714.571 190.117, 708.495 40.0895 699.464 45., 486 488.912 73.5083, 01010169924, 690.044 222.117 687.385 221, 518.527 181.93 515.903 182., .054 471.684 111.48, 50 - 90141, 1560894579, 278.015 113.795, 1317852280, 1754378420587, .596 249.651 230.441, 182.663, 3905 703.491 87.3349, 88.5654, 1806520233, 1667405509023., 12.59 14, 1994438598, 582.929 182.071 574.213 192, 86.7502, 9253 525.138 60.6454, .504 559.58 197.858, 742.513 164.56 741.758 164., 278.162 137.913 278.162 137, 1176878465, 583.372 202.097, 9386318165, 1966019208, 709.639 135.204 719.545 138, 1064305117, 744.587 165.444 743.935 165, 136.741, 100..900, 1199320130, 322 701.174 129.763, 1043374368, 1817113581, 6482 431.066 21.4814, 511.299 56.2693 514.282 56., 551.015 90.5776, 634.047, 444.939 30.9215, 634 513.694 184.082, 491.483, 736.297 137.885 742.885 136, 603.464 189.672 607.896 194, 58 730.821 190.994, 136.936 138.95 129.097 132., 826.532 189.38 829.191 192., .454 820.18 230.454, 6752 120.248 88.0691, 1662137366, 405.514 202.681 409.651 207, 1161296320, 41.8922, .913 278.162 138.06, 1697906434., 9863 434.274 26.3999, 183.993 38.0166 177.332 36., 164.516, 246.815 181.906 243.999 182, .054 743.224 164.807, 128.294 158.779 137.883 151, 457.653 202.097, 8069 170.624 36.9093, 231.341 61.7605 226.133 74., .807 412.901 216.129, 014 736.935 166.025, 416.89 200.489 414.526 198, 133.725 18.5119 118.836 9.7, 6 471.097 230.6, .52 207.776 123.04, 1967391972, 1749016818, .339 568.891 99.3479, .403 30.7852 88.3111, 84.9466, 41.7441, 831.703 230.454 839.532 224, 243.959 229.898 246.796 230, .991 549.091 222.853, 729.639 137.91, 388.359 84.2654, 1325000658, 477.744 189.672 482.176 194, 714.127, .181 487.102 128.835, 1762234445 ., 214 296.287 40.469, 607.157 230.6 614.543 225.4, 1468124129, 1051953480, 429.594 189.38 432.254 192., .742 738.808 174.997, . 04910560822, .818 549.091 189.818, .088 171.954 137.913, 502.689 58.3111 505.473 57., -86.5-48.5-83-67, 1697906434, 8492 456.167 5.04934, -692979937521863, 692.999 222.117, 449 691.965 230.302, 1678744122, 1557583588, 7741 122.009 50.5259, .52 313.837 123.04, 13.352285511597668, .145 820.032 223.145, 2788244, 999 471.244 222.999, 1487570905, 70.0953 141.552 56.4521 135, 601.247 125.337, 333 442 6868, 92.011 526.932 206.336, 010101443070, 288.475 62.1267 293.266 64., 235.469, 1943048428, 6752 226.309 88.0691, 459.032 23.5545 460.674 19., 385.555 207.488, 1454598543, 0-66 47-113, 979 241.51 228.439, .048 521.174 182.078, 470.358 182.071, 619.841 138.543 625.577 139, 426.492 210.721, 2147483631, 743.935 174.794 744.587 174, .735 414.674 195.519, 8250877, .421 622.963 116.421, 1636514053., 9448 614.627 42.4522, 1063027391, 9214 190.226 40.469, 1764215067, 457.653, 648.673 182.071, 736.432, 568.592, 435.662 27.8135 437.319 28., 1123869326, 1830779598, 3 297.366 235.846, 829.047 140.746 836.374 138, 676.953 88.0252 678.097 98., 6276 161.665 62.614, .239 241.729 123.587, 1055362214, 215.583 61.3566 211.751 55., 1947305953, 1055220717, 66.66667, 549.091 189.818, 145.067 81.9305 146.644 76., 1346924508, 746.89 169.178 746.734 168, 1293216422, 010101370488, 3875 257.203 41.0053, 1226927593, 1394117123, 9491 487.491 44.3876, 83.7464, 1000009999, 746.132 167.073 745.692 166, 794.165, 15.2891, 714.571, 79 433.14 216.714, 39 771.043 58.8076, 1624701965, 1392679283, 1051953480., 5718 145.054 30.939, 523.837 182.097 522.505 182, 794.165 113.808, 533.583 111.188, 1459847809, 1049222043, -3087286-633, 04 499.753 60.1741, 778.805 100.602 780.067 94., +39 091 582129, 1420347569, 717.142 185.531 715.465 187, .79 830.078 216.714, 277.841 246.916 279.989 247, 442 465.481 74.6799, 31 376392006, 1805668628, 182.656, 705.264, 35.9861, 235.174, 511.065 137.784 517.6 137.8, 5346 749.389 68.5237, .991 775.853 222.853, 1774969117, .984 145.793 143.491, .734 765.413 123.049, 171.954 113.795, 685.376 59.3239 680.633 68., 1311750313, 941 439.149 29.7171, 0737 283.26 61.1002, .071 548.943 182.071, 809.986 182.071 802.452 187, 31 177876705, 521.932 190.383 523.572 190, .071 820.771 182.071, 461 741.007 164.516, 9672 622.963 60.8758, 1409114919, 8069 276.685 36.9093, 31 264359105, 13.3548648110104, 672 596.077 189.672, 112.8212, 763 206.189, 826.532 203.412, 9371 718.369 38.0133, 200.934, 1403195670, 205.605, 1444248639, 182.415 62.1267 187.206 64., 795.353, .913 172.102 138.06, 251.425 132.934 264.478 138, 1667885858, 6 775.853 230.6, 317 6 5 35 29.5, .934 482.324 202.097, 0.0261505 109.171 8.62812, 1214464114, 208-165 401-317 54-43 100.5, .676 260.288 206.031, 1534806672, 113.795, 333.551, -8613089-640, 137.925, 1122264142, 6 596.816 230.6, 431.796 23.3146 432.887 24., 6604 190.966 68.3809, .648 508.912 190.117, 1143342779, 1998986187, .404 745.139 173.897, .262 282.149 247.247, 217.732, 1132675800, 1280513851, 528.083 114.821 521.394 116, 1762234445, 1455698928, 239.147 185.528 237.225 187, 8416 198.324 82.0021, 385.26 230.875 395.158 221, 601.247, -158-132-426-338-37-30-6, 4371075, .067 418.515 208.967, .892 259.088 105.919, 120.425 101.463 125.971 114, 875 370.044 230.875, 625.58 38.6472 619.849 39., 786.341, 607.084 111.613 603.801 108, 20 0 43-9, 0 843 248, .526 614.617 136.035, 112.184, 6276 267.725 62.614, 1822729143, .918 601.247 105.604, 5595 218.223 67.458, 775 222.33 87.4845, .648 714.571 190.117, 1139931729, 1188298276, .485 83.1555 170.678, 1222953576, 511.484 185.531 509.807 187, 1455808267, 802.452 225.776 809.543 230, 431.072 211.744 433.14 213., 32 105.273 137.273, +2000-206, .436 735.098 169.924, 441.375 0.490103 437.518 2., 294.854 219.182, 1858483374, .048 726.832 182.078, 1048438816, 46 37.5 44.5 31.5 50.5 27, 1014871315, 1827385772, 167.003, +39091582129, 1663369076 ., 1064141963, .145 423.094 223.145, 1664 1504, .312 429.594 203.412, 229.577, 1652 682.08 107.343, .039 729.639 137.91, 256.151 189.659 260.288 196, 1934025185, 9775 102.373 5.9589, 588.986 222.999 583.815 217, 741.758 175.387 742.513 175, 836.725 186.895 830.964 182, 457.062 182.071 448.494 192, 208.365, 723.247 113.938 716.408 111, 0 66-47 113, .239 135.668 123.587, 596.077 182.071, 1716942098, 738.517 36.8045 728.243 35., .806 842.62 134.857, 217.191 113.56 222.425 100., 770.094 118.363 773.793 112, 98.6314 35.3093 112.068 40., 604.819 129.867 609.393 133, 346 736.911 173.849, 190.117, 9359 610.771 63.9834, 8 820.771 189.38, 84 490.892 217.883, 1976625820, 249.651 182.059, 735.918 172.74 736.361 173., 499.605, .067 815.452 208.967, 583.815 195.373 588.69 189., .863 153.052 105.895, 0737 177.199 61.1002, 763 195.958 768.171 189.818, 480.551 220.66 476.563 222., 703.491 80.2793 706.323 73., 1657107231, 84 616.612 217.883, 222.256, 071 648.673 182.071, 0 1792 1792, 445.382, 839.665, 1894089430, 1809535205, .088 278.015 137.913, 199.362 87.1626 198.829 92., 491.336 188.649 481.142 182, 716.408 63.5346 723.247 60., .253 514.868 115.195, 251.044 43.623 245.466 47.4, 272.638 60.6005 278.044 60., 290.054 38.0166 283.392 36., 1029746285, 1633252145, 1792 416, 441.708 194.203, 629 821.77 114.606, 14747726-302, 131 647.191 88.6483, 744.347 111.135 737.508 113, .667 498.423 105.487, 164.854 113.697 158.073 110, 306.968, 785.868 217.18 784.545 219., 8314 206.946 51.1998, 7201 46.618 50.7831, 779.883 76.7631 776.76 67.0, 460.674 11.7103 459.032 7.8, 36440-640, 70.4807 0.131255 87.2148, 787.08 230.6 794.319 223.8, 76 795.353 214.814, 86.7536, 1812027152, 226.485 101.463 232.032 114, .735 811.611 195.519, 2495 508.386 56.7594, 38.1249269701297, 818.998 201.658, 1544135980, 527.527 62.3655 529.545 64., 385.555, 1144363932, 1448377577, 1920267752, 113.808, 145.365 132.934 158.417 138, 596 433.288 195.665, 1362986591, 56.7164 40.8461 70.3907 35., 95.4187 170.591 106.949 168, 141414, 298 782.617 220.775, .694 247.731 222.694, 5411 531.072 67.0441, 323.252 113.56 328.485 100., 508.912 194.795 513.64 190., 222.259 80.1169 220.863 73., 784.513 193.402 785.842 195, 429.594 203.412, 31 050772293, 1263037792, 8552430., 508.469, 31 163060357, 1922057511, 893 52.9099 9.45299, 1335257003, 825.606 117.97 823.317 116., +0152-0153, 838.646 194.203, 729.495 182.097 728.163 182, 091 582129, 1264359105, .584 84.3374 141.59, 1663369076., 1202341390, 261.174 230.441 269.447 221, .965 473.753 115.134, 370.483 100.198, 0397 489.56 43.0721, 24.3871, 8552430, 1839998389, 778.357, 289.979 230.291, 182.651, 2147483630, 598956242, 30.9215, .41 725.945 190.41, 856 14.2481 40.1792, 237.11 224.825 239.06 226., 1063794931, 1604482174, 199.612, 31 800498100, 170.624 36.9093, 1974012954, 92.6709, 432.086, 229.564, 289.292, .991 698.021 229.279, 235.321 196.091 239.606 189, 449.435 30.8502 453.301 29., 1000000999, 432.086 137.925, 641.582 182.071 636.854 185, 405.514 225.776 412.605 230, 166.578 60.6005 171.984 60., 2171 145.067 87.1921, 413.049 182.071 405.514 187, 601.247 72.131, 2257 456.167 26.3901, 202.141 46.5682 196.459 42., 609.406 44.9595 604.83 48.6, 686 122.747 125.073, 1297856336, 1444187629, 526.932 220.66 535.205 230., 291.594 137.921 304.422 132, 560.319 230.6 567.557 223.8, 201.658, 671.135, 417.628 223.145 414.083 220, 0279 500.196 59.8817, 6 549.091 230.6, 1037770783, 15.7197, 1881057764, 434.765 230.454 442.595 224, 625.184, 535.5 182.071 526.932 1, 251.128 81.9305 252.705 76., 1315562133, .934 608.043 202.097, 1290037689, 547.936 99.3191 541.737 106, 1323200405, 1376392006, 1133831000, .312 826.532 203.412, 472.423 112.796 473.162 113, 428.098 136.595, 1581106238, 100.1106, 741.007 164.516, 23.6806, 1268208726, 185.533 137.921 198.362 132, 385.555 215.966 379.646 222, 1016094617, 167.145, 575.689, 7318 730.377 60.7318, .537 674.225 89.233, .795 278.015 113.795, 2853 84.6328 35.3241, 1770728392, 0 168 147 284 193 152 401, 811.611 191.865 815.6 189.3, 508.341 114.137 502.464 110, 714.571 194.795 719.298 190, 02279 434.644 4.78502, -13 0-22.5 9.5, 735.83 167.036 735.171 168, .068 504.739 136.426, 39.7602 161.588 60.9657 170, 36.3661 115.933 30.7461 102, 1774659819, 282.445 182.786, 207.488, -1489564239502-7, 148.031 100.927 145.166 94., 1803385862, 1716157530, 1602800358, 687.385, 136.595, .393 735.606 172.066, 5718 134.728 52.1661, -37.5 35-29.5, 706.323 101.157 703.491 94., 574.213 220.953 582.781 230, 647.191 105.166 637.588 116, 1268208726 ., 31 342087078, .389 186.892 109.312, .361 610.846 113.487, 300.787 72.1014 303.347 76., 634.491, 1889683881, .672 470.358 189.672, 35.953125, 1530489970, 603.744 68.7245 607.003 65.
Contact page: https://www.cambridgeacademypalermo.it/contatti
Has form: True
Has schema.org: True
Has CTA: True
Copy quality: 0.3
----------------------------------------
[2] Landing: https://bia.it/
Source title/text: BIA.ITScopri il tuo talento musicale!Test attitudinale + lezione di prova gratuitaScopri di più
Domain: bia.it
Score: 83
Title: Accademia musicale Bari - bia.it
Emails: accademia.battistabia@gmail.com, accademiabattistabia@pec.it, accademia@bia.it
Phones: 252) 100, -17613516384511646-3, 1749436285, 181) 100, 7770238, 22286700, 2024-09-11, 20.964912280701753, 1761102163, 240) 100, 150.625, -2022-04-29-00-27-38-, 17613516384563547, 5706258, -9669223, 210-640, 19-2880, 74.6875, -5363294, 1761102164, -0568547, -1040687, 126) 100, 17613516384511646, 205328661, 114814, 45 70026, -17613516384529395-3, -17613516384511646-2, 116.449, 33.333333, 1761351638456547, -17613516384529395-2, 6425351, -25960382, -0834129, 208) 100, -48454885, -17613516384511646-4, -014-1280, -6425351, +39 328 4446757, 1761102212, 3351228283, 27724910, -1828981, 0834129, 0805328661, 64199728, 224) 100, -17613516384529395-1, +39 335 1228283, -2021-09-24-04-29-43-, -571292, +39 0805328661, 71.071953010279, 1234062, 195) 100, -17613516384529395-4, 130) 100, 3284446757, 7055339, -010-2880, 02-1280, 62.89473684210526, -5706258, 1040687, 45306013, -2022-03-07-23-54-12-, 5363294, 48454885, . 00948310727, 0568547, 1828981, -3296427, -7770238, 39.7969, 9669223, 41.92982456140351, 79.03508771929825, -2072184, -27724910, -1234062, -2021-09-24-04-29-04-, 010-640, 15.789473684210526, 17613516384529395, 1716794922, 0805352074, 3296427, 36.75438596491228, -17613516384511646-1, -7055339, 25960382, 60.570175438596486, 2023-08-21, -64199728, 66.40625, 39 0805352074, -22286700, 3323692
Contact page: https://bia.it/contatti/
Has form: False
Has schema.org: True
Has CTA: True
Copy quality: 0.3
----------------------------------------
[3] Landing: https://www.milocura.it/
Source title/text: WWW.MILOCURA.ITConcept Lab Dance StudioPrenota subito
Domain: milocura.it
Score: 73
Title: Mi Locura Corsi di Salsa e Bachata Roma – Corsi Salsa Bachata Roma Casilina, Tuscolana, La Rustica, Anagnina, Romanina
Emails: intl-tel-input@25.2.0
Phones: 252) 100, 030303), 312 345 6789, 528311, 17.67 0 32-14.33 32-32, 181) 100, -6281263, 0848882, 05406879, -3265144, 0 1000 1000, 400 146, 1760529874, 0-17.67-14.33-32-32-32, 471 708 454 696 446, 333820, 13365131005, 240) 100, 0 17.67 14.33 32 32 32, 617 867 629 875 646 875 663, 696 533, 393513510287, 5301340, 1.1428571429, 871 338 875 354 875 371, 126) 100, 154 292 171 292 187 292, -0848882, 708 521 713 504 713 487 713, -3743380, 646 125, -8375122, 16 12.4183 12.4183 16 8 1, 629 125 613 133 604 142, 1123887086043291, 941885, 3920917, 292 783 288 800 288 817 288, 56543546, 030303, 3.58172 3.58172 0 8 0, 208) 100, -8015612, 61790357, 10000001, 02743239, 979797 1, 356437, 129 663 125 646 125, 224) 100, -3920917, 0.8571428571, 0.298295), 07839931, 563 492 304 771, 307612, 875 388 867 400 854, 12.4183 0 16 3.58172 16 8, 604 854, 8015612, 12731423, 195) 100, 476988847, 130) 100, 6281263, 8375122, 833 296 850 308 863 321, 8309241, 416 208, -17.67 0-32 14.33-32 32, 1747817415, 3265144, 193302, 300 900, 875 679 871 692 858 704, 308 442, 3743380, 796 708 779 692 767, 846 713 829 713 812 713, 296 454 292 471 292 487 292, 1760529876, 125 325 129 313 142 300, -8309241, 1747817420, 504 296 521 308 533, 700 217 708 204 708 187 708, 204 296 221 308 233, 02106434, 0 448 512, 388 133 375 125 354 125 338, 438 487 692 225, -5301340, 1725613702, 13362526, -7590622, 171 704 154 692 142 675, 7590622, 3.58172 16 0 12.4183 0 8, 02478173
Contact page: None
Has form: True
Has schema.org: False
Has CTA: True
Copy quality: 0.3
----------------------------------------
[4] Landing: https://forms.gle/mAW6Q87ptsp9XUXC9
Source title/text: https://forms.gle/mAW6Q87ptsp9XUXC9
Domain: forms.gle
Score: 48
Title: LEZIONI DI PROVA GRATUITA: TUTTI I MARTEDÌ ore 20,45
Emails: 
Phones: 115533898, 246582139, 104538364, 45658644, 94507804, 101631251, 102244629, 102988251, 45674560, 5737800, 102469708, 102280796, 49979678, 102690963, 45696085, 101754322, 99402431, 101513370, 45696305, 105360438, 103354364, 45735097, 102685423, 105087368, 102930316, 49842815, 101508323, 103355723, 5701877, 45684108, 45658731, 102146675, 49924614, 45729830, 102988674, 102070624, 45674562, 45662509, 101922808, 105230620, 45688879, 45720792, 105312490, 94744956, 45647060, 101562326, 104713973, 103126454, 102461137, 102517204, 104661287, 101519248, 95314762, 45699204, 101922800, 103152715, 71657900, 50549455, 102973220, 45654291, 102428706, 102515042, 99457735, 49979686, 45653615, 45700504, 49398709, 94523156, 50266130, 71727137, 102690668, 45678679, 95087405, 45660690, 71679440, 102195964, 102691198, 105283775, 71689960, 101956209, 5705891, 45723104, 102944241, 102625579, 45681027, 102944246, 102685864, 45714946, 5740798, 71387797, 45687747, 160.10031347962382, 102469342, 103289160, 45725154, 101891730, 71478469, 45686662, 102517209, 104958241, 101519240, 71727153, 105439359, 102762403, 94862055, 104522800, .246582139, 104699464, 102944771, 94864703, 95104219, .2005620554, 71466027, 102402807, 45673227, 45678265, 50561331, 45697479, 50587030, 102867963, 102659855, 99368840, 102691193, 94448165, 101933326, 71181467, 71121056, 102972689, 103126446, 45657471, 50513202, 45727546, 71079898, 5707565, 95273297, 101614162, 101659382, 102972697, 101891746, 49643636, 105346193, 45720415, 45686667, 71710000, 101557475, 45681910, 104932605, 50549463, 45660287, 50439260, 102956613, 101561712, 49769457, 45699702, 71847749, 45726544, 101513354, 45654169, 105395859, 71546345, 45701776, 94904257, 5731470, 2000000000, 5790689, 102198422, 3920908649, 25.015673981191224, 71528617, 49644035, 49498861, 95087114, 102428714, 104522160, 103325354, 103355731, 102984100, 99338380, 102287812, 105180974, 102731125, -  3420038132, 94660915, 102146667, 103281177, 102430761, 94434405, 45728785, 102909763, 102461243, 102343480, 102969790, 102161547, 104522176, 103176058, 102718435, 94368276, 49643628, 5718663, 101586440, 102073995, 71528625, 94813423, 94864711, 5739877, 102903640, 45706188, 95234799, 45672205, 45727616, 71038355, 45709238, 71574010, 102469350, 45641838, 71515797, 95118409, 103074675, 102030662, 5740814, 1761351618, 105395741, 105395746, 115808414, 103176227, 116055521, 105085109, 5727257, 50561323, 5738713, 94692458, 94353276, 102932495, 102999654, 45677009, 5726679, -6173012382765023901, 94448181, 105393699, 104869024, 99440863, 105275653, 102198430, 101917105, 115769657, 71387789, 105312495, 49924606, 45730498, 49823204, 105395864, 105143337, 50273508, . 3920908649, 45653421, 105085117, 95087106, 45731897, 1761351618538275, 49644043, 367632898, 49822981, 45700770, 71897875, 102402799, 45729422, 102930332, 2005620554, 95273289, 104522784, 49398701, 102921601, 101561269, 102973228, 71376166, 105360970, 1959335968, 71642083, 71847765, 45639541, 71659981, 94646642, 99457727, 94510030, 102807750, 45658716, 95163042, 103066338, 103124896, 71325544, 45674285, 102244637, 102988246, 45677461, 5734616, 45670693, 105300216, 49833450, 49943187, 105439351, 45657263, 103351491, 95112701, 45678908, 102774867, 45714356, 103074691, 105087376, 115808422, 5713554, 94353268, - 3420038132, 105459971, 102787543, 5727241, 101561720, 104574019, 103169672, 94661690, 104699472, 105173463, 101557491, 104793005, 5715055, 45734741, 71545501, 45673687, 45672202, 94624825, 25000000, 71639534, 104869032, 105360962, 45718464, 95317550, 52428800, 5737784, 102944377, 71545493, 71429495, 102515037, 102469229, 103289155, 45681147, 102030670, 71642091, 45718842, 45696619, 45692064, 102999649, 5711226, 105283767, 5739861, 71639550, 2025-10-10, 71679448, 102988669, 45726852, 45672211, 101448275, 45644642, 71376174, 104801414, 102969782, 49842823, .1819909617, 94327631, 103004520, 49823212, 99400302, 5764470, 45673686, 45715074, 45726382, 99265974, 101614170, 5764346, 71387280, 103004512, 104983237, 45672213, 101562334, 50297176, 50562844, 104907871, 45713329, 102342936, 105072213, 115769649, 03.777930, 95314770, 102469221, 48966142, 45677444, 105372954, 94523148, 101448280, 45666088, 1633920210, 104767088, 45730506, 95135893, 102161555, 45676996, 102714410, 1761304791, 105346185, 45735651, 102262369, 102685428, 45681145, 45681790, 94862047, 71544874, 45729690, 94919120, 95118401, 102258765, 103343910, 103354792, 102070616, 45734887, 71530071, 115629920, 45644640, 71705202, 104940377, 71515789, 105276227, 5774256, 103354356, 5703839, 101956225, 45730266, 5754982, 50439268, 102262377, 49471991, 101659374, 102430769, 71710008, 50273516, 71085319, 45684730, 45686665, 102690660, 103169688, 45658949, 71478477, 101917113, 94891470, 95213940, 45734892, 5790673, 95087397, 50266122, 70971216, 102618766, 45729467, 49833442, 101686977, 50587022, 45672085, 105082025, 71960380, 104574027, 71854858, 94327639, 103355341, 5738729, 103354800, 45724259, 45708298, 50297184, 102343488, 105459955, 45720439, 5774919, 102659847, 5705207, 71546353, 104907879, 115629912, 105092937, 102236066, 102469700, 71659973, 95234791, 5707461, 5764486, 102903648, 71854850, 105276232, 94661682, 94660923, 102944372, 102944469, 103124912, 94813431, 102545762, 45643359, 101631259, 45719766, 5774935, 5706270, 45694562, 45621619, 94434397, 45720414, 45661802, 50503767, 45723416, 94368292, 102195972, 104801406, 94904249, 102807758, 104983229, 116055513, 99338388, 50513194, 99277127, 45672206, 22.5141065830721, 101801046, 71478100, 105082017, 71478108, 45677445, 102461248, 45672203, 1819909617, 45724955, 3420038132, 105180982, 115662606, 103066322, 70971224, 102073987, 102280788, 104661295, 104932597, 105173471, 71181475, 105092932, 5754998, 102625595, 103325359, 104530124, 45676754, 71085311, 101561277, 49769465, 49498853, 104940385, 99402439, 71544882, 45708977, 94744964, 95213932, 102984092, 5731454, 102762395, 45685754, 103011439, 103281161, 49471983, 99400310, 105300224, 115862713, 102774875, 5713195, 95112693, 102741326, 5764330, 95163058, 95317542, 761826000, 103011447, 94646626, 99368832, 102741334, 99277111, 3330305, 99440871, 45686663, 71689968, 45644641, 102685869, 115899197, 101508315, 45672066, 105230628, 101855359, 71429487, 104793010, 94624833, 103152699, 102545770, 102921593, 45661086, 94692466, 45725105, 102207391, 94931186, 102979046, 94629825, 45686664, 94891454, 115533893, 71325536, 105143329, 71121048, 71705157, 95135901, 45690176, 45725110, 103176219, 5774272, 101801038, 94629817, 20251014.07, 102618758, 99265966, 45686666, 45700150, 45658291, 5734632, 101686985, 102342944, 102956605, 101855367, 48966134, 94919112, 71657908, 45712870, 45668197, 5704621, 49943179, 102461142, 94510038, 71466035, 102932487, 94507812, 102287804, 103343918, 5718680, 71079906, 105372946, 102944464, 71899300, 103176050, 101922619, 30000.0, 94931194, 71530063, 45679175, 49822989, 192.6206896551724, 45712967, 102236074, 102944776, 45696263, 71387272, 102258781, 1761351618541, 50562852, 104764092, 50503759, 103355333, 45735186, 71960388, 45717711, 101922627, 102673415, 45729447, 102909768, 104713957, 105283067, 102867955, 105229442, 45678187, 101586456, 45697234, 104599767, 104764084, 45644639, 105072221, 105255638, 45648275, 71897867, 105275637, 5726695, 105360446, 105393691, 71574018, 71038363, 105229450, 102979051, 103351483, 45674978, 104599762, 45658679
Contact page: None
Has form: True
Has schema.org: True
Has CTA: True
Copy quality: 0.0
----------------------------------------
[5] Landing: https://docs.google.com/forms/d/e/1FAIpQLScsycTB6UfMdcjeMU0L4G2B4nClLFf4Z5N3p3GeASDUG9k_LQ/viewform?usp=header
Source title/text: DOCS.GOOGLE.COMLEZIONI DI PROVA GRATUITA: il MARTEDÌ ore 20,45Location: MARATHON - Via degli Archi, 1r - GENOVA Per informazioni tel. 3920908649 (Raffaella) - 3420038132Scopri di più
Domain: google.com
Score: 48
Title: LEZIONI DI PROVA GRATUITA: TUTTI I MARTEDÌ ore 20,45
Emails: 
Phones: 115533898, 246582139, 104538364, 45658644, 101631251, 102244629, 1761351622418798, 45674560, 5737800, 102988251, 102469708, 102280796, 49979678, 102690963, 45696085, 101754322, 99402431, 101513370, 45696305, 105360438, 103354364, 45735097, 102685423, 105087368, 102930316, 49842815, 101508323, 103355723, 5701877, 45684108, 45658731, 102146675, 49924614, 45729830, 102988674, 102070624, 45674562, 45662509, 101922808, 105230620, 45688879, 45720792, 105312490, 94744956, 45647060, 101562326, 104713973, 103126454, 102461137, 102517204, 104661287, 101519248, 95314762, 45699204, 101922800, 103152715, 71657900, 50549455, 102973220, 45654291, 102428706, 102515042, 99457735, 49979686, 45653615, 45700504, 49398709, 94523156, 50266130, 71727137, 102690668, 45678679, 95087405, 45660690, 71679440, 102195964, 102691198, 105283775, 71689960, 101956209, 5705891, 45723104, 102944241, 102625579, 45681027, 102944246, 102685864, 45714946, 5740798, 71387797, 45687747, 160.10031347962382, 102469342, 103289160, 45725154, 101891730, 71478469, 45686662, 102517209, 104958241, 101519240, 71727153, 105439359, 102762403, 94862055, 104522800, .246582139, 104699464, 102944771, 94864703, 95104219, .2005620554, 71466027, 102402807, 45673227, 45678265, 50561331, 45697479, 50587030, 102867963, 102659855, 99368840, 102691193, 94448165, 101933326, 71181467, 71121056, 102972689, 103126446, 45657471, 50513202, 45727546, 71079898, 5707565, 95273297, 101614162, 101659382, 102972697, 101891746, 49643636, 105346193, 45720415, 45686667, 71710000, 101557475, 45681910, 104932605, 50549463, 45660287, 50439260, 102956613, 101561712, 49769457, 45699702, 71847749, 45726544, 101513354, 45654169, 105395859, 71546345, 45701776, 94904257, 5731470, 2000000000, 5790689, 102198422, 3920908649, 25.015673981191224, 71528617, 49644035, 49498861, 95087114, 102428714, 105250506097979753968, 104522160, 103325354, 103355731, 102984100, 99338380, 71376184, 102287812, 105180974, 102731125, -  3420038132, 94660915, 102146667, 103281177, 102430761, 94434405, 45728785, 102909763, 102461243, 102343480, 102969790, 102161547, 104522176, 103176058, 102718435, 94368276, 49643628, 5718663, 101586440, 102073995, 71528625, 94813423, 94864711, 5739877, 102903640, 45706188, 95234799, 45672205, 45727616, 71038355, 45709238, 71574010, 102469350, 45641838, 71515797, 95118409, 103074675, 102030662, 5740814, 1761351618, 105395741, 105395746, 115808414, 103176227, 116055521, 105085109, 5727257, 50561323, 5738713, 94692458, 94353276, 102932495, 102999654, 71376176, 45677009, 5726679, 94448181, 105393699, 104869024, 99440863, 105275653, 102198430, 101917105, 115769657, 71387789, 105312495, 49924606, 45730498, 49823204, 105395864, 105143337, 50273508, . 3920908649, 45653421, 105085117, 95087106, 45731897, 49644043, 367632898, 49822981, 45700770, 71897875, 102402799, 45729422, 102930332, 2005620554, 95273289, 104522784, 49398701, 102921601, 101561269, 102973228, 105360970, 1959335968, 71642083, 71847765, 45639541, 71659981, 94646642, 99457727, 94510030, 102807750, 45658716, 95163042, 103066338, 103124896, 71325544, 45674285, 102244637, 102988246, 45677461, 5734616, 45670693, 105300216, 49833450, 49943187, 105439351, 45657263, 103351491, 95112701, 45678908, 102774867, 45714356, 103074691, 105087376, 115808422, 5713554, 94353268, - 3420038132, 105459971, 102787543, 5727241, 101561720, 104574019, 103169672, 94661690, 104699472, 105173463, 101557491, 104793005, 5715055, 45734741, 71545501, 45673687, 45672202, 94624825, 25000000, 71639534, 104869032, 105360962, 45718464, 95317550, 52428800, 5737784, 102944377, 71545493, 71429495, 102515037, 102469229, 103289155, 45681147, 102030670, 71642091, 45718842, 45696619, 45692064, 102999649, 5711226, 105283767, 5739861, 71639550, 2025-10-10, 71679448, 102988669, 45726852, 45672211, 101448275, 45644642, 104801414, 102969782, 49842823, .1819909617, 94327631, 103004520, 49823212, 99400302, 5764470, 45673686, 45715074, 45726382, 99265974, 101614170, 5764346, 71387280, 103004512, 104983237, 45672213, 101562334, 50297176, 50562844, 104907871, 45713329, 102342936, 105072213, 115769649, 03.777930, 95314770, 102469221, 48966142, 45677444, 105372954, 94523148, 101448280, 45666088, 1633920210, 104767088, 45730506, 6477693672392696910, 95135893, 102161555, 45676996, 102714410, 1761304791, 105346185, 45735651, 102262369, 102685428, 45681145, 45681790, 94862047, 71544874, 45729690, 94919120, 95118401, 102258765, 103343910, 103354792, 102070616, 45734887, 71530071, 115629920, 45644640, 71705202, 104940377, 71515789, 105276227, 5774256, 103354356, 5703839, 101956225, 45730266, 5754982, 50439268, 102262377, 49471991, 101659374, 102430769, 71710008, 50273516, 71085319, 45684730, 45686665, 102690660, 103169688, 45658949, 71478477, 101917113, 94891470, 95213940, 45734892, 5790673, 95087397, 50266122, 70971216, 102618766, 45729467, 49833442, 101686977, 50587022, 45672085, 105082025, 71960380, 104574027, 71854858, 94327639, 103355341, 5738729, 103354800, 45724259, 45708298, 50297184, 102343488, 105459955, 45720439, 5774919, 102659847, 5705207, 71546353, 104907879, 115629912, 105092937, 102236066, 102469700, 71659973, 95234791, 5707461, 5764486, 102903648, 71854850, 105276232, 94661682, 94660923, 102944372, 102944469, 103124912, 94813431, 102545762, 45643359, 101631259, 45719766, 5774935, 5706270, 45694562, 45621619, 94434397, 45720414, 45661802, 50503767, 45723416, 94368292, 102195972, 104801406, 94904249, 102807758, 104983229, 116055513, 99338388, 50513194, 99277127, 45672206, 22.5141065830721, 101801046, 71478100, 105082017, 71478108, 45677445, 102461248, 45672203, 1819909617, 45724955, 3420038132, 105180982, 115662606, 103066322, 70971224, 102073987, 102280788, 104661295, 104932597, 105173471, 71181475, 105092932, 5754998, 102625595, 103325359, 104530124, 45676754, 71085311, 101561277, 49769465, 49498853, 104940385, 99402439, 71544882, 45708977, 94744964, 95213932, 102984092, 5731454, 102762395, 45685754, 103011439, 103281161, 49471983, 99400310, 105300224, 115862713, 102774875, 5713195, 95112693, 102741326, 5764330, 95163058, 95317542, 761826000, 103011447, 94646626, 99368832, 102741334, 99277111, 99440871, 45686663, 71689968, 45644641, 102685869, 115899197, 101508315, 45672066, 105230628, 101855359, 71429487, 104793010, 94624833, 103152699, 102545770, 102921593, 45661086, 94692466, 45725105, 102207391, 94931186, 102979046, 94629825, 45686664, 94891454, 115533893, 71325536, 105143329, 71121048, 71705157, 95135901, 45690176, 45725110, 103176219, 5774272, 101801038, 94629817, 20251014.07, 102618758, 99265966, 45686666, 45700150, 45658291, 5734632, 101686985, 102342944, 102956605, 101855367, 48966134, 94919112, 71657908, 45712870, 45668197, 1761351622421, 5704621, 49943179, 102461142, 94510038, 71466035, 102932487, 102287804, 103343918, 5718680, 71079906, 105372946, 102944464, 71899300, 103176050, 101922619, 30000.0, 94931194, 71530063, 45679175, 49822989, 192.6206896551724, 45712967, 102236074, 102944776, 45696263, 71387272, 102258781, 50562852, 104764092, 50503759, 103355333, 45735186, 71960388, 45717711, 101922627, 102673415, 45729447, 102909768, 104713957, 105283067, 102867955, 105229442, 45678187, 101586456, 45697234, 104599767, 104764084, 45644639, 105072221, 105255638, 45648275, 71897867, 105275637, 5726695, 105360446, 105393691, 71574018, 71038363, 105229450, 102979051, 103351483, 45674978, 104599762, 45658679
Contact page: None
Has form: True
Has schema.org: True
Has CTA: True
Copy quality: 0.0
----------------------------------------
[6] Landing: https://www.aikidoaosta.it/
Source title/text: AIKIDOAOSTA.ITCorsi di Akido - prova gratuita
Domain: aikidoaosta.it
Score: 45
Title: Yomi Shin Tai Aikido Valle d'Aosta  – Aikido – Difesa Personale – Sport & Wellness –
Emails: 
Phones: 242.062, 5.59 5.59 5.59 1.41-1.41, 126) 100, 252) 100, 5.59-5.59, 1324-1024, 181) 100, 1324-768, 1324-360, 1324-100, 1324-700, 195) 100, -7458371, 130) 100, 240) 100, 1.41-1.41-5.59 5.59-5.59, 1742462009, 2011100, 1760931525, 1324-520, 1760931524, 5.59 5.59 1.41 1.41 5.59, 1742462021, 470152, 208) 100, 1324-300, 4251802, 2297810, 5.59-1.41 1.41 5.59 5.59, 1324-250, -4251802, 224) 100
Contact page: https://www.aikidoaosta.it/contact/
Has form: False
Has schema.org: False
Has CTA: True
Copy quality: 0.3
----------------------------------------
[7] Landing: https://metastatus.com/ads-transparency
Source title/text: Stato del sistema
Domain: metastatus.com
Score: 23
Title: Ads Transparency Status
Emails: 
Phones: 2015.4862, 208.35982, 2011.6834, 2015.7841, 2011.2929, 207.68342, 2013.1684, 17.5228, 2012.7071, 2010.9024, 206.90237, 2011.2682, 2017.5228, 2016.4183, 17.0645, 209.7374, 16.6402, 25 2025 2, 2013.027, 2015.2071, 2011.4114, 2012.3166, 207.29289, 2014.6684, 16.4183, -169234417-1, 2015.499, 2015.4058, 2011.0884, 206.47715, 2015.356, 207.58172, 208.78409, 2011.9308, 2011.3222, 2016.5734, 207.93554, 13.5531, 2015.1402, 12.9114, 208.28744, 209.76822, 2010.2646, 16.4147, 2016.7682, 2010.4412, 2015.0734, 2015.5117, 11.3239, 209.82388, 2017.1218, 208.23178, 2015.3598, 2010.5453, 209.41466, 207.87821
Contact page: None
Has form: False
Has schema.org: False
Has CTA: False
Copy quality: 0.3
----------------------------------------
[8] Landing: https://www.instagram.com/_u/cheerleadingteamsardegna
Source title/text: cheerleadingteamsardegna
Domain: instagram.com
Score: 20
Title: Comets Cheerleaders Sardegna (@cheerleadingteamsardegna) • Instagram photos and videos
Emails: 
Phones: 1594028133134036276, 1132918, 1743884, 4725984638872212237, 1761351615039, 1012418, 66199982662, 1876423, 1848815, 1814852, 1362297, 7776000, 1876439, 1680308, 1940513, 1876448, 1744059, 1744526, 1761351615196, 1836368, 34560000000, 9185635269581997225, 0.63308577239513, 1837559, 1876419, 2216007, 1744247, 1183579, 1744524, 1876412, 1876455, 1940508, 1876438, 10000000, 1744338, 1522191, 436761779744620, 1358015658191005, 1659080345, 1516609, 1267207, 1350889, 1871697, 0 (1028909090), 1296473, 9.2335087917745, 1761351614899.6, 1876434, 1361369, 1876458, 1294158, 1353359, 16.924449682236, 1467370, 1792887614, 424940172743869, 1744234, 1294159, 1876446, 1744525, 6483066765, 100000000, 1876437, 1201738, 553648130, 1836099, 1947728, 1755537, 1761351614, 1072547, 93600790814, 1351649519735706, 1876430, 2888004, 1003267, 1940512, 1795911614, 1072549, 1829844, 1743358, 1268630, 442103040, 139.0.7258.5, 1876435, 1106516, 900-7087-48, 1876447, 1743851, 1876452, 1761351615098, 1876428, 1876442, 1663366072, 2579891418969617, 1985308, 1645510, 1764786, 1876422, 7564947584580775689, 1634616, 1761438015, 1744178, 1121434, 1876421, 1856513, 1356754, 1876454, 1876456, 1744060, 0.86666666666667, 1724253, 1828905, 1642797, 761847128023413, 219994525426954, 1838142, 1105154, 1346159, 1940511, 1876418, 1743095, 1750245, 1876451, 7564947579912203335, 1876440, 1914651, 2216012, 2405912672479571310, 553648129, 553655735, 1000000, 1876416, 1744058, 1971595283112096, 1876427, 1801726, 787040499275067, 553648129., 6931846846096942614, 1729923, 772021112871879, 1876411, 1761351615179, 1876444, 1876453, 1743882, 1761351615177, 1761351615030.9, 1332233, 1860192, 1072546, 1993377, 1110430, 7564947579912203335-, 1829321, 1752405, 606197723, 1744337, 1829320, 1843988, 1708227, 1345969, 1795210, 419859403337390, 1876424, 1581645579298526, 1940510, 3.0832147598267, 1876415, 1876420, 1746397, 1876445, 0000001, 553655735., 1876431, 1744552, 1083116, 1813330, 75-2439-4, 1743810, 1876413, 3608779021591024014, 1876414, 1744334, 2000000, 514771569228061, 1984081, 1028909090, 1876436, 1761351615162.3, 1094907, 973347570914047, 949958857019662, 157.240.231.174, 1.5779530704021, 1094133, 1824699, 1744057, 1761351615, 926161310654, 1761956415, 1744527, 1876432, 1940509, 1749696, 1954434, 1962341, 1268629, 2220391788200892, 1876450, 31536000000, 1823926, 1876443, 1108857, 34560000, 1876426, 1857112, 1453865, 389801252, 1586666294789976, 1292365, 1871597, 86400000, 2046346, 51.2885-19, 1744249, 1876429, 553648130., 1808128, 9957820854288654, 936619743392459
Contact page: None
Has form: False
Has schema.org: False
Has CTA: False
Copy quality: 0.0
----------------------------------------
[9] Landing: https://www.instagram.com/_u/yoganiyan
Source title/text: yoganiyan
Domain: instagram.com
Score: 20
Title: Centro Yoga Niyan - Delly Giacometti (@yoganiyan) • Instagram photos and videos
Emails: 
Phones: 1594028133134036276, 524805694963236, 1132918, 6806682863, 1761351625558, 1743884, 273640292327931446, 1012418, 1876423, 1848815, 1814852, 1362297, 7776000, 1876439, 1680308, 1940513, 1876448, 1744059, 1744526, 1836368, 34560000000, 1876419, 0.63308577239513, 1837559, 2216007, 1761351625, 1744247, 1183579, 1744524, -8203189, 1876412, 1876455, 1940508, 1876438, 8031818700239641145, 10000000, 1744338, 1522191, 436761779744620, 1358015658191005, 1659080345, 1516609, 1267207, 1350889, 1871697, 0 (1028909090), 1761956425, 1296473, 9.2335087917745, 1876434, 1361369, 1876458, 1294158, 1353359, 16.924449682236, 1467370, 1761351625345.5, 424940172743869, 1744234, 1294159, 1876446, 1744525, 100000000, 1876437, 1201738, 553648130, 1836099, 1947728, 1755537, 1072547, 1761438025, 93600790814, 1876430, 2888004, 1003267, 1940512, 1072549, 5854284511734398976, 1829844, 1743358, 1268630, 60939039, 139.0.7258.5, 1876435, 1106516, 1876447, 1743851, 1876452, 1876428, 1876442, 1663366072, 2579891418969617, 1985308, 1645510, 1764786, 1795911625, 1876422, 1634616, 1744178, 1121434, 1876421, 1856513, 1356754, 1876454, 1876456, 1744060, 0.86666666666667, 1724253, 1828905, 1642797, 761847128023413, 219994525426954, 1838142, 1105154, 1346159, 1940511, 1876418, 1743095, 1750245, 1876451, 1876440, 1914651, 2216012, 553655735, 553648129, 1876416, 1000000, 1744058, 1971595283112096, 71806897, 1876427, 1801726, 787040499275067, 553648129., 772021112871879, 1729923, 1876411, 1876444, 1876453, 1743882, 1332233, 1860192, 1072546, 1993377, 1761351625556, 1110430, 1829321, 1752405, 606197723, 1744337, 1829320, 1843988, 1708227, 1345969, 1795210, 419859403337390, 1876424, 1581645579298526, 1940510, 3.0832147598267, 1876415, 1876420, 1746397, 1876445, 0000001, 1761351625542, 553655735., 1876431, 4473895854007542772, 1744552, 1083116, 7564947627202476405, 1813330, 1743810, 1761351625422, 1876413, 1744334, 1876414, 514771569228061, 2000000, 1984081, 1028909090, 1876436, 7564947627202476405-, 1094907, 1761351625573, 949958857019662, 157.240.231.174, 1.5779530704021, 1094133, 1824699, 1744057, 926161310654, 1744527, 1876432, 1940509, 1749696, 1954434, 1962341, 1268629, 2220391788200892, 1876450, 1792887625, 31536000000, 4507035366924165514, 1823926, 1876443, 1108857, 34560000, 1876426, 1857112, 1761351625486, 1761351625414.6, 7564947626320520941, 1453865, 389801252, 1586666294789976, 1292365, 1871597, 86400000, 2046346, 51.2885-19, 1744249, 1876429, 553648130., 1808128, 9957820854288654, 936619743392459
Contact page: None
Has form: False
Has schema.org: False
Has CTA: False
Copy quality: 0.0
----------------------------------------


==================================================
PLATFORM: REDDIT
==================================================

No leads found

==================================================
PLATFORM: LINKEDIN
==================================================

No leads found

